result_0.186_185,1.197,0.497,-0.067,-0.472,0.055,0.019,0.077,-0.609,0.158,0.057,0.097,0.587,-0.039,0.386,0.484,0.079,0.042,-0.001,-0.086,0.607,0.815,-0.066,0.084,0.054,-0.010,-0.003,0.479,0.136,0.035,0.345,-0.094,0.419,0.050,-0.001,-0.751,0.057,0.038,0.614,0.026,-0.000,0.367,-0.118,0.164,0.039,-0.437,
result_0.186_48,1.290,0.650,-0.279,-0.042,0.089,-0.002,0.065,-0.412,0.250,0.013,0.064,0.663,-0.349,-0.002,0.021,-0.004,-0.001,-0.001,-0.155,0.695,0.486,-0.183,0.027,0.076,0.037,0.044,0.102,0.064,0.056,0.000,-0.084,0.473,0.373,-0.001,-0.176,0.189,0.020,1.006,0.021,0.011,0.012,-0.024,0.029,0.195,-0.984,
result_0.187_294,1.339,-0.004,-0.079,-0.685,0.009,0.690,0.063,-0.439,0.014,0.099,0.042,0.629,-0.061,0.324,0.468,0.243,0.581,-0.078,-0.233,-0.004,0.424,-0.778,0.066,0.382,0.112,-0.006,0.051,0.005,0.041,-0.005,-0.113,0.382,0.063,-0.154,-0.127,0.018,0.398,0.770,0.139,0.320,0.016,-0.276,0.050,0.035,-0.146,
result_0.188_106,1.312,0.229,-0.263,-0.762,0.044,0.046,0.001,-0.904,0.011,0.153,0.011,0.633,-0.003,0.142,0.022,1.075,0.149,-0.001,-0.016,0.711,0.172,-0.003,0.001,0.055,0.006,0.621,0.318,0.002,0.056,0.127,-0.056,0.364,0.117,-0.001,-0.018,0.318,0.247,0.207,0.151,0.009,0.133,-0.043,0.008,0.168,-0.070,
result_0.188_190,1.341,0.499,-0.725,-0.411,0.139,0.207,0.113,-0.463,0.095,0.048,0.047,0.515,-0.275,1.230,-0.008,0.102,0.038,-0.012,-0.087,0.281,0.017,-0.467,0.062,0.285,0.520,-0.013,0.031,0.015,0.052,0.091,-0.321,0.069,0.070,-0.013,-0.130,0.102,0.051,0.159,0.071,0.037,0.048,-0.021,0.017,0.430,-0.148,
result_0.188_214,1.361,0.714,-0.290,-0.052,0.225,0.241,0.011,-0.312,0.062,0.008,0.003,-0.025,-0.392,0.876,0.590,0.805,0.007,-0.001,-0.031,0.032,0.160,-0.501,0.106,0.023,-0.020,0.021,0.254,0.316,0.048,0.060,-0.328,0.159,0.346,-0.002,-0.306,0.009,0.015,0.493,0.007,0.241,0.010,-0.466,0.086,0.069,-0.674,
result_0.188_225,0.849,-0.049,-0.491,-0.572,0.152,0.365,0.088,-0.369,0.080,0.094,0.003,0.611,-0.562,-0.041,0.453,0.827,0.251,-0.001,-0.006,0.475,0.129,-0.014,0.028,0.158,-0.009,-0.045,1.071,0.018,0.062,0.790,-0.216,0.128,0.099,-0.008,-0.443,0.275,0.075,0.087,0.263,0.496,0.213,-0.244,0.122,0.147,-0.295,
result_0.188_237,1.326,0.628,-0.236,-0.649,0.140,0.833,0.013,-0.062,0.012,0.188,0.036,-0.022,-0.458,0.296,0.178,0.064,0.010,-0.001,-0.688,0.001,0.004,-0.142,0.046,0.040,0.092,0.651,0.339,0.172,0.063,0.013,-0.004,0.290,0.242,-0.001,-0.527,0.267,0.031,0.988,0.137,-0.021,0.237,-0.082,0.049,0.071,-0.019,
result_0.188_259,0.790,0.003,-0.147,-0.079,0.026,-0.009,0.023,-0.014,0.028,0.051,0.012,0.001,-0.804,-0.009,0.001,0.179,-0.003,-0.003,-0.157,-0.000,0.702,-0.380,0.012,0.018,0.389,0.786,0.998,0.021,0.036,1.074,-0.194,0.497,0.318,-0.002,-0.124,0.327,0.047,-0.006,0.164,0.001,0.253,-0.116,0.011,0.059,-0.681,
result_0.188_7,1.254,0.854,-0.168,-0.223,0.013,0.849,0.006,-0.899,0.002,0.036,0.011,0.110,-0.556,0.459,0.137,0.200,0.158,-0.000,-0.095,0.558,0.328,-0.351,0.005,0.343,0.105,0.030,0.325,0.003,0.066,0.424,-0.427,0.573,0.187,-0.000,-0.002,0.044,0.024,0.431,0.003,0.108,0.013,-0.009,0.010,0.375,-0.003,
result_0.189_108,1.076,0.263,-0.196,-0.240,0.141,0.630,0.016,-0.348,0.104,0.038,0.055,0.323,-0.533,0.103,0.075,0.480,0.222,-0.106,-0.628,0.153,0.061,-0.109,0.098,0.374,0.180,0.756,0.734,0.035,0.260,0.935,-0.210,0.282,0.234,-0.148,-0.218,0.080,0.150,0.169,0.037,0.040,0.122,-0.504,0.044,0.279,-0.258,
result_0.189_119,1.335,-0.024,-0.029,-0.629,0.009,1.288,0.069,-0.514,0.254,0.114,0.024,0.530,-0.011,0.104,0.427,0.041,0.097,-0.001,-0.858,0.060,0.118,-0.033,0.011,0.001,0.497,0.210,0.010,0.033,0.042,0.096,-0.015,0.348,0.056,-0.001,-0.013,-0.001,0.226,0.042,0.118,0.397,0.129,-0.011,0.196,0.204,-0.041,
result_0.189_127,1.372,0.575,-0.025,-0.796,0.112,0.000,0.021,-0.288,0.038,0.022,0.013,0.520,-0.053,1.059,0.001,0.100,0.001,-0.000,-0.094,0.533,0.001,-0.249,0.012,0.047,0.009,0.010,0.205,0.199,0.357,0.378,-0.183,0.054,0.102,-0.013,-0.722,0.018,0.150,0.511,0.025,0.537,0.033,-0.420,0.266,0.096,-0.090,
result_0.189_132,0.719,0.272,-0.271,-0.257,0.090,0.961,0.014,-0.591,0.013,0.063,0.035,0.641,-0.447,-0.018,-0.015,0.516,-0.001,-0.001,-0.220,0.673,-0.010,-0.364,0.344,0.011,-0.036,-0.004,0.857,0.025,0.152,-0.001,-0.057,0.760,0.054,-0.001,-0.530,0.016,0.065,0.134,0.164,0.622,0.279,-0.076,0.055,0.182,-0.454,
result_0.189_170,0.872,0.148,-0.012,-0.408,0.037,0.087,0.221,-0.007,0.147,0.013,0.014,0.475,-0.262,0.003,0.153,0.571,0.709,0.000,-0.258,0.806,0.373,-0.330,0.041,0.131,0.107,0.677,0.987,0.060,0.154,0.016,-0.636,0.231,0.102,0.000,-0.336,0.128,0.085,0.004,0.032,0.319,0.341,-0.207,0.017,0.006,-0.588,
result_0.189_210,1.255,0.003,-0.229,-0.014,0.167,0.028,0.169,-0.671,0.170,0.015,0.023,0.135,-0.284,0.045,0.856,0.510,0.649,-0.002,-0.406,0.133,0.514,-0.361,0.004,0.120,0.001,0.043,0.293,0.006,0.203,0.397,-0.183,0.367,0.098,-0.001,-0.337,0.204,0.248,0.730,0.185,0.237,0.013,-0.481,0.060,0.090,-0.304,
result_0.189_227,1.326,0.005,-0.135,-0.054,0.073,0.419,0.204,-0.548,0.231,0.379,0.066,0.406,-0.009,0.139,0.686,0.341,0.314,-0.004,-0.165,0.159,0.053,-0.130,0.127,0.002,0.113,0.005,0.045,0.016,0.096,1.057,-0.524,0.069,0.102,-0.003,-0.494,0.001,0.059,0.186,0.038,0.492,0.131,-0.054,0.004,0.075,-0.634,
result_0.189_265,1.193,0.036,-0.220,-0.617,0.106,-0.000,0.027,-0.088,0.036,0.004,0.019,0.010,-0.254,0.937,0.035,0.862,0.083,-0.020,-0.249,0.285,-0.000,-0.088,0.001,0.024,0.007,0.877,0.696,0.040,0.037,-0.000,-0.229,0.087,0.082,-0.106,-0.218,0.354,0.023,0.000,0.214,0.032,0.213,-0.370,0.021,0.251,-0.791,
result_0.189_286,1.025,0.181,-0.051,-0.588,0.006,0.609,0.003,-0.049,0.037,0.068,0.002,0.048,-0.022,0.183,0.506,0.439,0.459,-0.075,-0.562,0.367,0.522,-0.051,0.331,0.019,0.245,0.026,0.417,0.001,0.176,0.619,-0.722,0.759,0.010,-0.195,-0.028,0.228,0.387,0.025,0.024,0.678,0.027,-0.329,0.001,0.177,-0.181,
result_0.189_4,1.152,0.724,-0.049,-0.363,0.035,-0.003,0.009,-0.583,0.193,0.033,0.010,0.030,-0.297,0.599,0.014,0.011,0.836,-0.008,-0.514,0.000,-0.004,-0.407,0.254,0.067,0.009,0.001,0.730,0.006,0.068,0.820,-0.043,0.170,0.067,-0.010,-0.176,0.013,0.114,-0.005,0.270,0.607,0.246,-0.510,0.130,0.195,-0.357,
result_0.189_45,0.765,0.033,-0.004,-0.005,0.075,-0.001,-0.003,-0.688,-0.041,0.034,-0.042,0.615,-0.006,0.417,0.082,1.064,0.141,0.002,-0.006,-0.000,-0.001,-0.759,-0.436,0.568,0.046,0.418,0.134,-0.061,0.008,-0.001,-0.364,1.099,0.269,0.004,-0.091,0.002,0.310,0.552,0.018,0.001,0.048,-0.099,-0.050,0.010,-0.330,
result_0.189_49,0.760,-0.010,-0.128,-0.102,0.177,0.051,-0.011,-0.048,-0.002,0.232,-0.003,-0.011,-0.124,0.150,-0.009,1.207,0.057,-0.065,-0.050,0.149,0.081,-0.903,-0.002,0.232,-0.003,0.257,1.104,-0.008,0.137,0.121,-0.149,0.031,0.073,-0.014,-0.144,0.266,0.021,0.309,0.216,0.824,0.113,-0.625,-0.001,0.120,-0.125,
result_0.189_74,1.163,0.019,-0.872,-0.240,0.091,0.326,0.041,-0.032,0.009,0.006,0.015,0.482,-0.031,0.033,0.491,0.748,0.575,-0.003,-0.030,0.007,0.782,-0.034,0.001,0.062,0.389,0.004,0.032,0.002,0.053,0.256,-0.065,0.714,0.017,-0.019,-0.725,0.335,0.337,0.011,0.023,0.361,0.003,-0.079,0.002,0.218,-0.133,
result_0.190_103,0.999,0.579,-0.033,-0.028,0.193,0.442,0.081,-0.188,0.085,0.132,0.193,0.005,-0.073,0.009,0.533,0.758,0.001,-0.000,-0.616,0.008,0.001,-0.587,0.043,0.006,0.330,0.273,0.036,0.085,0.132,0.915,-0.123,0.890,0.015,-0.004,-0.220,0.001,0.000,0.001,0.125,0.236,0.203,-0.075,0.230,0.196,-0.687,
result_0.190_140,0.880,0.005,-0.047,-0.093,0.127,0.192,0.011,-0.577,0.014,0.140,0.002,0.002,-0.070,0.161,0.003,0.395,0.200,-0.138,-0.353,0.518,0.550,-0.097,0.003,0.071,0.001,0.867,0.057,0.007,0.190,0.188,-0.057,1.033,0.266,-0.181,-0.096,0.012,0.025,0.890,0.075,0.353,0.237,-0.880,0.411,0.007,-0.276,
result_0.190_150,1.160,0.020,-0.236,-0.515,0.007,0.064,0.088,-0.443,0.172,0.192,0.171,0.419,-0.034,0.208,0.046,0.612,0.135,-0.016,-0.297,0.243,0.493,-0.316,0.052,0.134,0.036,0.002,0.672,0.018,0.021,0.964,-0.600,0.015,0.136,-0.016,-0.329,0.139,0.297,0.077,0.192,0.871,0.251,-0.359,0.124,0.031,-0.160,
result_0.190_154,1.233,-0.002,-0.169,-0.099,0.170,0.029,0.003,-0.207,0.031,0.092,0.017,-0.002,-0.133,0.046,0.498,0.430,0.296,-0.023,-0.383,0.949,0.093,-0.465,0.015,0.003,0.220,0.379,0.085,0.065,0.186,0.540,-0.140,0.445,0.144,-0.006,-0.830,0.337,0.109,0.296,0.176,0.526,0.195,-0.081,0.002,0.016,-0.304,
result_0.190_186,1.266,0.754,-0.034,-0.147,0.213,0.084,0.005,-0.045,0.003,0.020,0.020,0.185,-0.084,0.046,0.229,0.060,0.562,-0.002,-0.533,0.993,0.106,-0.228,0.022,0.053,0.001,0.001,0.318,0.235,0.119,0.247,-0.569,0.294,0.004,-0.027,-0.017,0.257,0.022,0.441,0.194,0.297,0.234,-0.051,0.018,0.024,-0.777,
result_0.190_191,1.256,0.026,-0.266,-0.044,0.129,0.681,0.012,-0.345,0.086,0.022,0.157,0.027,-0.188,-0.006,0.032,0.434,0.000,-0.000,-0.122,0.332,0.661,-0.010,0.090,0.204,0.041,0.903,0.357,0.184,0.341,0.586,-0.391,0.342,0.045,-0.001,-0.949,0.057,0.021,0.373,0.021,0.049,0.022,-0.243,0.027,0.044,-0.127,
result_0.190_217,0.720,0.564,-0.548,-0.024,0.004,-0.008,0.171,-0.751,0.007,0.176,0.120,0.041,-0.026,0.387,0.267,0.719,0.739,-0.079,-0.030,0.092,0.321,-0.215,0.006,0.017,0.627,0.001,0.772,0.001,0.131,0.304,-0.039,0.864,0.265,-0.003,-0.663,0.261,0.020,0.511,0.235,0.004,0.049,-0.032,0.001,0.082,-0.114,
result_0.190_220,1.255,0.001,-0.031,-0.583,0.025,0.456,0.071,-0.538,0.208,0.073,0.089,0.003,-0.065,0.491,0.537,-0.004,-0.004,-0.002,-0.284,-0.002,0.001,-0.077,0.161,0.075,0.002,0.000,0.377,0.128,0.183,0.366,-0.495,0.119,0.033,-0.003,-0.061,0.063,0.012,1.003,0.010,0.752,0.031,-0.541,0.073,0.433,-0.127,
result_0.190_255,0.954,0.246,-0.166,-0.291,0.210,0.011,0.013,-0.116,0.134,0.198,0.010,0.637,-0.371,0.301,0.119,0.003,0.024,-0.005,-0.109,0.549,0.820,-0.234,0.049,0.093,0.453,0.204,0.055,0.057,0.214,0.039,-0.454,0.914,0.202,-0.005,-0.416,0.289,0.009,0.751,0.009,0.173,0.091,-0.415,0.059,0.175,-0.635,
result_0.190_258,1.342,0.386,-0.096,-0.017,0.007,0.005,0.292,-0.361,0.108,0.002,0.030,0.685,-0.686,0.002,-0.001,0.005,0.003,-0.006,-0.574,0.003,0.002,-0.194,0.003,0.057,0.000,-0.001,0.000,0.042,0.040,0.002,-0.388,0.000,0.215,-0.022,-0.012,0.131,0.332,1.274,0.093,0.463,0.003,-0.013,0.032,0.007,-0.460,
result_0.190_260,0.738,0.577,-0.159,-0.041,0.172,0.005,0.028,-0.204,0.005,0.173,0.025,0.461,-0.169,0.681,0.003,0.030,0.742,-0.072,-0.287,0.803,0.031,-0.025,0.042,0.324,0.327,0.003,0.612,0.042,0.159,0.045,-0.540,0.948,0.106,-0.013,-0.551,0.041,0.141,0.016,0.192,0.442,0.199,-0.127,0.008,0.010,-0.734,
result_0.190_266,1.298,0.017,-0.497,-0.114,0.001,0.001,0.010,-0.323,0.026,0.166,0.008,0.565,-0.144,0.000,0.143,0.001,0.240,-0.000,-0.102,0.652,0.220,-0.840,0.026,0.345,0.370,0.065,0.114,0.028,0.117,1.040,-0.012,0.228,0.003,-0.000,-0.036,0.077,0.025,0.001,0.381,0.484,0.013,-0.029,0.017,0.017,-0.426,
result_0.190_32,0.858,0.345,-0.841,-0.162,0.063,0.000,0.035,-0.442,0.089,0.051,0.085,0.761,-0.172,0.265,0.006,0.000,0.002,-0.000,-0.540,0.904,0.177,-0.223,0.283,0.009,0.439,0.010,0.093,0.092,0.079,0.000,-0.308,1.069,0.032,-0.003,-0.160,0.005,0.410,0.901,0.032,0.010,0.116,-0.055,0.101,0.005,-0.183,
result_0.190_44,0.985,0.300,-0.762,-0.045,0.148,0.642,0.009,-0.854,0.028,0.202,0.066,0.204,-0.040,0.818,0.199,0.378,0.516,-0.002,-0.077,-0.001,-0.001,-0.043,0.030,0.065,0.196,0.732,0.901,0.003,0.332,0.388,-0.043,0.027,0.026,-0.181,-0.111,0.358,0.028,-0.001,0.144,0.066,0.145,-0.025,0.072,0.028,-0.037,
result_0.191_111,1.229,0.259,-0.244,-0.022,0.211,0.065,0.008,-0.043,0.013,0.234,0.101,0.019,-0.877,0.084,0.009,0.102,0.112,-0.039,-0.518,0.828,0.139,-0.090,0.081,0.040,0.003,0.762,0.416,0.044,0.150,0.920,-0.075,0.259,0.094,-0.006,-0.362,0.290,0.060,0.024,-0.022,0.357,0.123,-0.083,0.118,0.129,-0.062,
result_0.191_130,1.177,0.447,-0.159,-0.377,0.135,0.702,0.060,-0.550,0.049,0.193,0.245,0.345,-0.133,0.672,-0.000,0.156,0.278,-0.008,-0.285,0.067,0.664,-0.387,0.079,0.002,0.364,0.609,0.063,0.084,0.153,0.068,-0.444,0.574,0.120,-0.001,-0.274,0.082,0.130,0.151,0.176,-0.000,0.080,-0.303,0.179,0.123,-0.396,
result_0.191_174,1.243,0.557,-0.418,-0.069,0.051,0.051,0.021,-0.158,0.100,0.153,0.034,0.581,-0.713,0.929,-0.019,0.015,0.669,-0.007,-0.479,0.526,0.081,-0.121,0.109,0.144,-0.026,-0.034,0.413,0.070,0.126,0.054,-0.017,0.288,0.064,-0.003,-0.618,0.110,0.247,0.213,0.341,0.448,0.062,-0.039,0.246,0.003,-0.059,
result_0.191_197,1.289,-0.003,-0.733,-0.031,0.132,1.009,0.261,-0.378,0.114,0.206,0.072,0.784,-0.046,-0.001,-0.002,0.730,-0.000,-0.001,-0.247,-0.000,-0.001,-0.051,0.008,0.030,0.472,-0.002,0.032,0.123,0.113,-0.001,-0.013,0.261,0.134,-0.001,-0.063,0.018,0.165,-0.001,0.054,-0.001,0.100,-0.039,0.123,0.202,-0.690,
result_0.191_23,0.793,-0.024,-0.521,-0.422,0.019,-0.007,0.030,-0.230,0.111,0.037,0.074,0.511,-0.516,-0.009,0.470,0.601,0.651,0.000,-0.182,-0.000,-0.001,-0.381,0.052,0.308,0.313,0.436,1.099,0.105,0.164,0.379,-0.137,0.145,0.019,0.000,-0.023,0.020,0.053,0.886,0.327,-0.035,0.029,-0.443,0.048,0.368,-0.499,
result_0.191_232,0.773,0.777,-0.027,-0.070,0.027,1.255,0.070,-0.175,0.134,0.031,0.202,0.011,-0.066,0.001,0.417,0.010,0.016,0.001,-0.709,0.005,0.004,-0.073,0.032,0.144,0.105,0.010,0.685,0.173,0.278,0.004,-0.248,0.796,0.364,0.019,-0.441,0.002,0.043,0.022,0.007,0.010,0.006,-0.681,0.065,0.035,-0.055,
result_0.191_235,0.801,0.004,-0.188,-0.336,0.049,0.087,-0.001,-0.156,-0.001,-0.005,-0.001,0.011,-0.182,0.023,0.422,0.883,0.564,-0.004,-0.106,0.111,0.562,-0.043,-0.003,0.313,0.732,0.068,1.035,0.000,0.148,0.349,-0.168,0.135,0.165,-0.001,-0.803,0.149,-0.002,0.004,-0.005,0.001,-0.002,-0.559,-0.000,0.343,-0.196,
result_0.191_247,1.244,0.585,-0.172,-0.419,0.015,0.073,0.028,-0.321,0.002,0.027,0.056,-0.011,-0.360,0.436,0.587,0.068,0.588,-0.003,-0.670,0.078,0.004,-0.383,0.008,0.336,0.177,-0.010,0.119,0.041,0.336,1.025,-0.456,0.416,0.017,-0.001,-0.128,0.023,0.093,0.042,0.088,-0.010,0.067,-0.204,0.002,0.082,-0.021,
result_0.191_254,0.802,0.015,-0.329,-0.079,0.008,0.212,0.008,-0.512,0.024,0.008,0.031,0.083,-0.540,-0.006,0.337,-0.001,0.406,-0.132,-0.438,0.116,0.465,-0.121,0.012,0.187,0.017,0.089,0.615,0.006,0.362,0.253,-0.113,0.862,0.009,-0.029,-0.111,0.292,0.008,1.055,0.008,0.754,0.008,-0.430,0.022,0.008,-0.488,
result_0.191_6,0.638,0.007,-0.182,-0.333,0.282,0.910,0.001,-0.099,0.022,0.241,0.015,0.025,-0.128,0.042,0.029,0.043,0.002,-0.000,-0.070,0.752,0.480,-0.424,0.036,0.088,0.645,0.583,0.819,0.086,0.192,0.057,-0.386,0.824,0.046,-0.001,-0.781,0.238,0.047,0.058,0.138,0.168,0.192,-0.429,0.192,0.013,-0.067,
result_0.191_64,1.117,0.069,-0.366,-0.184,0.066,0.195,0.036,-0.013,0.042,0.030,0.193,-0.000,-0.072,0.085,0.219,0.667,0.047,0.030,-0.298,0.955,0.150,-0.704,0.145,0.001,-0.004,0.606,0.467,0.149,0.345,0.188,-0.372,0.370,0.054,0.026,-0.519,0.012,0.045,0.078,0.028,0.660,0.064,-0.032,0.169,0.035,-0.002,
result_0.191_91,1.021,0.361,-0.235,-0.594,0.139,0.274,0.215,-0.148,0.012,0.072,0.145,0.607,-0.073,1.100,0.002,0.314,0.103,-0.001,-0.132,0.342,0.067,-0.468,0.029,0.049,0.001,0.593,0.842,0.027,0.124,0.313,-0.642,0.030,0.330,-0.003,-0.111,0.028,0.180,0.083,0.070,0.002,0.029,-0.346,0.211,0.204,-0.281,
result_0.192_112,1.304,0.460,-0.031,-0.016,0.011,0.031,0.225,-0.028,0.065,0.012,0.220,-0.031,-0.031,0.820,-0.015,0.020,0.119,-0.030,-0.541,0.030,0.423,-0.279,0.072,0.070,0.425,0.451,0.427,0.015,0.360,0.920,-0.019,0.116,0.004,-0.051,-0.665,0.026,0.006,0.014,0.011,0.494,0.011,-0.259,0.047,0.019,-0.755,
result_0.192_123,1.243,0.054,-0.115,-0.507,0.003,0.735,0.044,-0.211,0.077,0.004,0.068,0.011,-0.341,0.204,0.461,0.002,0.004,-0.033,-0.075,0.023,0.023,-0.099,0.267,0.027,0.749,0.255,0.381,0.071,0.357,0.307,-0.554,0.337,0.005,-0.006,-0.170,0.025,0.004,0.991,0.004,0.027,0.004,-0.396,0.165,0.009,-0.645,
result_0.192_128,1.264,0.714,-0.165,-0.500,0.279,0.605,0.132,-0.405,0.193,0.076,0.088,0.062,-0.159,0.154,0.001,0.117,0.725,-0.028,-0.827,0.881,0.012,-0.165,0.109,0.001,0.000,0.001,0.582,0.121,0.112,0.213,-0.156,0.044,0.321,-0.090,-0.185,0.050,0.091,0.211,0.106,0.652,0.033,-0.425,0.198,0.167,-0.246,
result_0.192_198,0.821,0.043,-0.030,-0.013,0.079,0.378,0.136,-0.176,0.242,0.091,0.004,-0.002,-0.992,0.675,-0.003,-0.005,-0.001,-0.094,-0.024,0.000,0.361,-0.074,0.058,0.018,-0.006,0.280,0.111,0.242,0.306,0.599,-0.148,1.087,0.012,-0.129,-0.587,0.007,0.180,0.769,0.198,0.875,0.060,-0.146,0.051,0.032,-0.067,
result_0.192_293,0.942,0.423,-0.412,-0.181,0.003,0.083,0.097,-0.402,0.280,0.003,0.177,0.141,-0.168,0.021,0.535,0.019,0.003,-0.094,-0.366,1.015,0.004,-0.348,0.038,0.110,0.311,0.494,0.271,0.041,0.377,0.012,-0.177,0.910,0.003,-0.118,-0.080,0.040,0.003,0.788,0.003,0.036,0.003,-0.618,0.072,0.004,-0.537,
result_0.193_115,0.783,0.341,-0.064,-0.095,0.003,0.089,0.090,-0.158,0.190,0.007,0.021,0.073,-0.023,0.520,0.074,0.995,0.047,-0.022,-0.523,0.017,0.111,-0.056,0.164,0.018,0.550,0.040,1.034,0.015,0.358,0.160,-0.482,0.183,0.005,-0.021,-0.149,0.030,0.022,0.526,0.006,0.634,0.005,-0.537,0.198,0.004,-0.650,
result_0.193_149,1.330,-0.015,-0.937,-0.124,0.040,0.298,0.009,-0.231,0.082,0.010,0.076,0.488,-0.089,0.007,-0.006,0.314,0.636,-0.001,-0.113,0.748,0.068,-0.193,0.140,0.047,0.697,0.053,0.042,0.022,0.147,0.669,-0.090,0.124,0.159,-0.001,-0.501,0.294,0.101,0.020,0.381,0.105,0.010,-0.182,0.033,0.005,-0.120,
result_0.193_15,1.242,0.010,-0.021,-0.280,0.025,0.175,0.244,-0.353,0.234,0.043,0.005,0.339,-0.435,0.007,0.068,0.230,1.109,-0.004,-0.060,0.137,0.192,-0.758,0.001,0.005,0.445,0.217,0.155,0.025,0.345,0.352,-0.516,0.366,0.029,-0.023,-0.041,0.025,0.028,0.173,0.046,0.661,0.082,-0.014,0.038,0.032,-0.069,
result_0.193_152,1.305,0.475,-0.085,-0.205,0.002,0.807,-0.206,-0.460,-0.167,0.002,-0.133,0.034,-0.259,0.058,0.067,0.440,0.109,0.001,-0.413,0.052,0.830,-0.506,-0.048,0.773,0.067,0.015,0.273,-0.145,0.341,0.248,-0.534,0.086,0.002,0.002,-0.398,0.002,0.002,0.105,0.002,0.049,0.002,-0.333,-0.594,0.002,-0.026,
result_0.193_157,1.041,0.544,-0.112,-0.032,0.243,0.441,0.092,-0.193,0.061,0.040,0.075,0.095,-0.060,-0.007,0.719,0.684,-0.027,0.019,-0.467,-0.009,0.577,-0.357,0.081,0.101,0.019,0.007,0.204,0.061,-0.001,-0.007,-0.567,0.773,0.014,0.026,-0.098,0.104,0.176,0.725,0.047,0.003,0.263,-0.393,0.270,0.042,-0.577,
result_0.193_30,1.285,0.704,-0.416,-0.317,0.003,0.181,0.150,-0.411,0.037,0.014,0.241,-0.015,-0.465,-0.002,-0.012,-0.002,-0.002,-0.001,-0.348,0.018,0.181,-0.261,0.117,0.066,-0.012,-0.024,0.481,0.077,0.335,1.124,-0.310,0.015,0.010,-0.001,-0.522,0.003,0.006,0.634,0.008,0.570,0.006,-0.288,0.139,0.004,-0.337,
result_0.194_295,1.230,-0.000,-0.299,-0.070,0.001,0.019,0.049,-0.419,0.023,0.001,0.033,0.527,-0.536,-0.004,0.666,0.412,0.676,-0.005,-0.357,0.262,0.034,-0.102,0.006,0.001,-0.000,-0.000,0.099,0.046,0.360,0.714,-0.345,0.315,0.001,-0.069,-0.219,0.318,0.001,0.530,0.001,-0.000,0.001,-0.176,0.052,0.001,-0.543,
result_0.194_69,0.799,0.634,-0.091,-0.063,0.001,0.092,0.011,-0.038,0.006,0.235,0.008,0.226,-0.186,0.043,0.013,0.906,0.630,-0.000,-0.100,0.597,0.010,-0.191,0.011,0.002,0.439,0.278,0.336,0.255,0.244,0.099,-0.539,0.985,0.189,-0.013,-0.347,0.237,0.002,0.083,0.161,0.245,0.000,-0.745,0.078,0.128,-0.491,
result_0.195_102,0.762,0.000,-0.138,-0.159,0.012,0.163,0.121,-0.263,0.008,0.002,0.075,0.198,-0.660,0.436,0.496,1.038,0.148,-0.047,-0.022,0.131,0.053,-0.362,0.073,0.003,0.002,0.004,0.681,0.187,0.420,0.161,-0.619,0.784,0.003,-0.178,-0.191,0.287,0.005,0.378,0.005,0.676,0.008,-0.141,0.011,0.002,-0.249,
result_0.195_122,1.341,0.140,-0.042,-0.052,0.001,0.392,0.169,-0.185,0.104,0.001,0.003,0.203,-0.368,0.637,0.753,0.630,-0.007,-0.005,-0.050,0.524,0.085,-0.581,0.010,0.269,0.353,0.149,0.051,0.044,0.348,0.680,-0.125,0.075,0.001,-0.004,-0.716,0.017,0.001,-0.014,0.001,0.202,0.001,-0.053,0.040,0.001,-0.558,
result_0.195_42,1.307,0.267,-0.308,-0.520,0.063,0.513,0.073,-0.494,0.050,0.024,0.092,0.412,-0.353,0.348,0.086,0.036,0.922,-0.006,-0.277,0.222,0.287,-0.267,0.014,0.279,0.408,-0.019,0.114,0.006,0.336,0.550,-0.273,0.243,0.010,-0.000,-0.324,0.141,0.033,0.020,0.058,0.569,0.013,-0.263,0.004,0.020,-0.468,
result_0.197_70,0.846,-0.005,-0.077,-0.054,0.097,0.361,0.037,-0.275,0.087,0.119,0.165,0.006,-0.354,0.477,-0.005,0.492,-0.008,-0.006,-0.199,0.488,0.060,-0.163,0.011,0.153,-0.005,0.340,0.157,0.173,0.249,0.569,-0.308,0.938,0.169,-0.012,-0.694,0.196,0.149,0.584,0.052,0.791,0.057,-0.536,0.041,0.014,-0.173,
